0  0 0.200095 0   0  0.2  -3.18986e-06 0.200092 3.58248e-06   0  -0.108192 -16
1  0 0.20009 0   0  0.2  -3.88312e-06 0.200092 3.46909e-06   0  -0.143185 -16
2  0 0.200061 0   0  0.2  7.26904e-07 0.200061 2.37586e-06   0.00120993  0.230339 -8
3  0 0.200044 0   0  0.2  6.44239e-07 0.200045 7.95147e-07   0.00276527  0.566662 -8
4  0 0.200094 0   0  0.2  -3.81634e-06 0.200094 3.61545e-06   0.00112586  0.00826138 -8
5  0 0.200091 0   0  0.2  -4.49708e-06 0.200091 3.03619e-06   0.00109848  0.0356272 -8
6  0 0.200036 0   0  0.2  1.3348e-06 0.200036 -1.05707e-07   0.00328158  0.425731 -8
7  0 0.200029 0   0  0.2  7.31973e-08 0.20003 -2.37432e-07   0.00324998  0.996566 -8
8  0 0.200096 0   0  0.2  -2.36422e-06 0.200095 4.11952e-06   0.00188935  0.157354 -8
9  0 0.200092 0   0  0.2  -9.18211e-07 0.200093 4.8534e-07   0.00558941  1.32378 -8
10  0 0.200087 0   0  0.2  4.51032e-07 0.200088 3.44465e-07   0.00391398  0.57487 -8
11  0 0.200055 0   0  0.2  2.50713e-06 0.200055 -5.85478e-07   0.00602403  0.496677 -8
12  0 0.200075 0   0  0.2  6.96966e-07 0.200074 7.89608e-07   0.00633141  0.503471 -8
13  0 0.200065 0   0  0.2  7.67247e-08 0.200065 -2.80679e-07   0.00767204  2.44701 -8
14  0 0.200093 0   0  0.2  2.31588e-06 0.200095 2.79716e-06   0.00681236  0.265946 -8
15  0 0.200084 0   0  0.2  -1.16774e-06 0.200085 -1.7793e-06   0.00718581  0.463473 -8
16  0 0.200072 0   0  0.2  7.93696e-07 0.200071 -4.78342e-07   0.00941457  1.04185 -8
17  0 0.200039 0   0  0.2  1.591e-06 0.200039 1.79909e-06   0.0052094  0.356874 -8
18  0 0.20001 0   0  0.2  6.80311e-07 0.200009 1.18396e-06   0.00992922  0.754658 -8
19  0 0.200097 0   0  0.2  4.20819e-06 0.200094 2.14837e-06   0.00695081  0.267952 -8
20  0 0.200021 0   0  0.2  -6.64899e-07 0.20002 1.80133e-06   0.0058801  0.424609 -8
21  0 0.200034 0   0  0.2  -3.59955e-07 0.200035 2.14836e-06   0.00834406  0.293125 -8
22  0 0.200076 0   0  0.2  1.9213e-06 0.200076 4.2336e-06   0.006437  0.0787952 -8
23  0 0.200077 0   0  0.2  -3.07262e-07 0.200077 4.16401e-06   0.00550845  0.107345 -8
24  0 0.200012 0   0  0.2  -6.01524e-07 0.200012 1.46318e-06   0.0119143  0.502385 -8
25  0 0.200016 0   0  0.2  3.7528e-06 0.200016 7.76663e-07   0.0108893  0.181571 -8
26  0 0.200063 0   0  0.2  1.70673e-06 0.200063 -2.16404e-06   0.01115  0.230877 -8
27  0 0.200047 0   0  0.2  -2.93276e-06 0.200047 -1.36277e-06   0.00874352  0.194482 -8
28  0 0.200068 0   0  0.2  -5.39798e-06 0.200068 -5.60222e-07   0.0119631  0.0764546 -8
29  0 0.200014 0   0  0.2  -9.61717e-07 0.200018 5.71994e-07   0.0243175  1.02056 -8
30  0 0.200089 0   0  0.2  1.52942e-06 0.20009 -2.57396e-06   0.0144933  0.309013 -8
31  0 0.200081 0   0  0.2  2.99203e-06 0.200081 2.1559e-06   0.0119411  0.223395 -8
32  0 0.200051 0   0  0.2  1.09544e-06 0.200052 6.72095e-07   0.0170719  0.553649 -8
33  0 0.200069 0   0  0.2  -3.81879e-08 0.200068 2.54134e-06   0.0136954  0.276999 -8
34  0 0.200058 0   0  0.2  6.11414e-08 0.200058 2.69706e-06   0.0193764  0.519232 -8
35  0 0.200062 0   0  0.2  -5.2372e-06 0.200061 -1.65582e-06   0.0149613  0.143924 -8
36  0 0.200028 0   0  0.2  -4.32014e-07 0.200028 2.48736e-06   0.0314325  0.531767 -8
37  0 0.200027 0   0  0.2  -7.99624e-07 0.200027 1.57127e-06   0.0214033  0.432052 -8
38  0 0.200011 0   0  0.2  5.7157e-06 0.200012 7.9442e-07   0.02014  0.147151 -8
39  0 0.20008 0   0  0.2  5.1599e-06 0.20008 2.75361e-06   0.016863  0.154289 -8
40  0 0.200043 0   0  0.2  2.19306e-07 0.200044 -2.46746e-06   0.0296491  0.396223 -8
41  0 0.200004 0   0  0.2  2.24907e-06 0.200004 -3.29022e-06   0.0213698  0.202286 -8
42  0 0.200074 0   0  0.2  4.29271e-09 0.200074 -3.17995e-06   0.0249785  0.260734 -8
43  0 0.200083 0   0  0.2  -4.44704e-06 0.200083 3.69742e-06   0.0302352  0.268498 -8
44  0 0.200038 0   0  0.2  -7.87506e-07 0.200039 5.67152e-06   0.0234049  0.131621 -8
45  0 0.200009 0   0  0.2  3.426e-06 0.20001 -3.7644e-06   0.0292626  0.172106 -8
46  0 0.200022 0   0  0.2  2.17983e-06 0.200022 -4.66915e-06   0.0395743  0.152665 -8
47  0 0.200019 0   0  0.2  -2.60731e-06 0.200019 -4.50768e-06   0.0381016  0.155509 -8
48  0 0.200045 0   0  0.2  1.91508e-06 0.200044 7.78404e-07   0.155958  0.499845 -8
49  0 0.200006 0   0  0.2  -2.98695e-07 0.200006 -2.44702e-07   0.0838461  1.06101 -8
50  0 0.2 0   0  0.2  -3.85783e-06 0.199998 2.58995e-07   0.0530644  0.123036 -8
51  0 0.20002 0   0  0.2  -5.0168e-06 0.200021 -2.4419e-06   0.0608453  0.109031 -8
52  0 0.200024 0   0  0.2  5.87968e-06 0.200024 1.54534e-06   0.103513  0.183672 -8
53  0 0.200023 0   0  0.2  -3.19841e-06 0.200023 4.89976e-06   0.0747605  0.168428 -8
54  0 0.20006 0   0  0.2  6.08352e-06 0.200061 -3.11155e-07   0.102161  0.213165 -8
55  0 0.200018 0   0  0.2  2.95007e-06 0.20002 2.07268e-06   0.199532  0.0622895 -8
56  0 0.200088 0   0  0.2  4.41568e-06 0.200091 -1.88546e-06   0.100056  0.251891 -8
57  0 0.200057 0   0  0.2  -3.34218e-06 0.200057 4.77731e-06   0.0940383  0.110863 -8
58  0 0.200056 0   0  0.2  1.57761e-07 0.200056 3.14313e-07   0.317291  1.78141 -8
59  0 0.200042 0   0  0.2  2.9871e-06 0.200043 -4.8257e-06   0.127215  0.0870295 -8
60  0 0.200008 0   0  0.2  -5.19011e-06 0.200008 2.3535e-06   0.155644  0.160788 -8
61  0 0.200059 0   0  0.2  -4.06393e-06 0.200061 3.65506e-06   0.103041  0.0571957 -8
62  0 0.200086 0   0  0.2  -4.36718e-06 0.200089 2.00382e-06   0.115476  0.232941 -8
63  0 0.200053 0   0  0.2  1.71301e-08 0.200053 -1.15676e-07   0.316145  2.7631 -8
64  0 0.20005 0   0  0.2  -1.51303e-06 0.20005 -5.51185e-06   0.260018  0.114776 -8
65  0 0.200082 0   0  0.2  -5.11784e-07 0.200081 -5.67512e-06   0.257527  0.0958404 -8
66  0 0.200001 0   0  0.2  2.15605e-06 0.199998 -4.24746e-06   0.276923  0.107608 -8
67  0 0.200033 0   0  0.2  1.13288e-06 0.200033 5.59593e-06   0.368072  0.146558 -8
68  0 0.200098 0   0  0.2  6.24636e-08 0.200095 5.22549e-06   0.703739  0.900442 -8
69  0 0.200041 0   0  0.2  5.5726e-06 0.200041 1.30082e-06   0.501123  0.0435568 -8
70  0 0.200026 0   0  0.2  2.16975e-06 0.200028 -5.04038e-06   0.567842  0.0333934 -8
71  0 0.200002 0   0  0.2  4.75721e-06 0.199999 1.54359e-08   0.965971  0.0667896 -8
72  0 0.200046 0   0  0.2  -5.66516e-06 0.200047 1.67633e-07   1.07635  0.0954352 -8
73  0 0.200085 0   0  0.2  4.3026e-06 0.200089 -4.31138e-07   1.08083  0.31477 -8
74  0 0.20007 0   0  0.2  5.69729e-06 0.20007 -6.26606e-07   1.20838  0.11329 -8
75  0 0.200099 0   0  0.2  -4.39202e-06 0.200099 5.98672e-06   1.59935  0.76127 -8
76  0 0.200017 0   0  0.2  5.4199e-06 0.200016 1.43256e-06   1.64192  0.157616 -8
77  0 0.200048 0   0  0.2  -1.73637e-06 0.200046 5.0571e-06   2.61442  0.0232621 -8
78  0 0.200007 0   0  0.2  -5.47557e-06 0.200007 -1.49794e-06   2.73088  0.0224218 -8
79  0 0.200049 0   0  0.2  5.30978e-06 0.200048 1.85519e-06   3.73651  0.0445105 -8
80  0 0.200099 0   0  0.2  -5.05912e-06 0.200097 -2.97871e-06   5.41532  1.23462 -8
81  0 0.200073 0   0  0.2  3.75626e-06 0.200072 -4.16859e-06   9.07406  0.12275 -8
82  0 0.200054 0   0  0.2  3.71786e-06 0.200058 2.22929e-06   10.4849  0.0810125 -8
83  0 0.200099 0   0  0.2  -4.06409e-06 0.2001 4.44939e-06   12.4878  1.04305 -8
84  0 0.200025 0   0  0.2  2.03337e-06 0.200025 -5.42918e-06   20.3153  0.111505 -8
85  0 0.200037 0   0  0.2  4.76769e-06 0.200038 3.09065e-06   35.8351  0.0636764 -8
86  0 0.20003 0   0  0.2  -2.22873e-06 0.200027 -4.43349e-06   41.5833  0.0473812 -8
87  0 0.200015 0   0  0.2  -5.5193e-06 0.200015 -1.23367e-06   80.0559  0.0129694 -8
88  0 0.200099 0   0  0.2  -0.000363791 0.200273 0.000120325   100  0.021993 -17
89  0 0.200067 0   0  0.2  -7.34452e-05 0.200024 -9.65876e-05   100  0.0181952 -17
90  0 0.200071 0   0  0.2  -0.000186845 0.200003 -0.000199408   100  0.0274191 -17
91  0 0.200064 0   0  0.2  -5.73614e-05 0.200097 -0.000204868   100  0.121521 -17
92  0 0.20004 0   0  0.2  0.000100852 0.199942 -2.84008e-05   100  0.00111901 -17
93  0 0.200032 0   0  0.2  -0.000142498 0.200067 -3.11432e-05   100  0.0800695 -17
94  0 0.200013 0   0  0.2  -6.41432e-05 0.200082 -0.000122794   100  0.662913 -17
95  0 0.200035 0   0  0.2  0.000113601 0.200101 5.08648e-05   100  0.0817725 -17
96  0 0.200003 0   0  0.2  5.31527e-05 0.200048 -0.000112154   100  1.55759 -17
97  0 0.200005 0   0  0.2  -0.000114661 0.200041 -5.83754e-05   100  0.0847482 -17
98  0 0.200079 0   0  0.2  8.68547e-05 0.199895 4.38289e-05   100  0.00300806 -17
99  0 0.200031 0   0  0.2  0.000102417 0.200026 -4.28096e-05   100  1.29598 -17
