0  0 0.200095 0   0  0.506808  -1.29083e-06 0.200076 -4.67769e-06   0  0.385998 -8
1  0 0.200027 0   0  0.0148182  5.7634e-07 0.200026 -5.4089e-06   0  -0.0112762 -16
2  0 0.200064 0   0  1.81796  2.04753e-05 0.200069 9.17485e-06   0.394573  0.1665 -8
3  0 0.200041 0   0  7.87945  -6.70248e-05 0.200041 0.000138275   0.262036  1.40537 -8
4  0 0.2 0   0  1.42216  -7.6992e-06 0.199984 1.6051e-05   4.76287  0.15817 -8
5  0 0.20009 0   0  1.21666  -2.57385e-07 0.200094 1.61309e-05   6.17638  0.189124 -8
6  0 0.200054 0   0  0.938313  2.79418e-05 0.20002 1.68946e-05   8.08272  0.154306 -8
7  0 0.200018 0   0  3.78801  -9.67791e-06 0.200832 0.000180398   10  0.0266011 -17
8  0 0.200098 0   0  2.08474  -0.000219265 0.200394 0.000190868   10.0004  0.00367864 -17
9  0 0.200056 0   0  2.93565  -0.000523121 0.200742 -0.000205395   10.0001  0.00323307 -17
10  0 0.200065 0   0  4.81145  0.000486504 0.201222 -0.000143506   10  0.026238 -17
11  0 0.200004 0   0  0.291827  3.41059e-05 0.20091 1.18302e-05   10.0003  0.105043 -17
12  0 0.200033 0   0  2.32529  -0.00014986 0.199967 -0.00013845   10  0.0298122 -17
13  0 0.200099 0   0  1.72338  1.60156e-05 0.200109 -1.41092e-06   9.82452  0.240281 -8
14  0 0.200048 0   0  1.06131  0.000211638 0.201807 0.000141698   10  0.118722 -17
15  0 0.200032 0   0  4.04158  0.000361703 0.201684 -0.000437818   10.0001  0.0859515 -17
16  0 0.200072 0   0  1.99718  -0.000561361 0.200884 -5.38424e-05   10.0001  0.0224097 -17
17  0 0.20002 0   0  2.54755  -5.5143e-06 0.20147 -0.00033639   10.0001  0.0840667 -17
18  0 0.20003 0   0  4.28836  -0.0008249 0.199997 0.000410884   10  0.0025842 -17
19  0 0.200042 0   0  7.28576  4.02162e-05 0.200445 -5.02747e-05   10  0.00311167 -17
20  0 0.200076 0   0  2.99302  -0.000969227 0.200677 0.000500673   10.0001  0.0578327 -17
21  0 0.200078 0   0  7.92825  -0.000784258 0.199667 0.000350696   10.0001  0.0262038 -17
22  0 0.200096 0   0  0.149499  0.000952868 0.200483 -0.00047646   10.0001  0.164117 -17
23  0 0.200021 0   0  1.22501  -0.000146449 0.199795 0.000726802   10.0002  0.0147612 -17
24  0 0.20001 0   0  0.476192  0.000877177 0.20066 -0.00104173   10.0001  0.150773 -17
25  0 0.200071 0   0  5.3898  1.31182e-05 0.200209 0.000164896   10  0.124848 -17
26  0 0.200088 0   0  5.38835  0.000480865 0.198931 -0.000226232   10.0001  0.00726743 -17
27  0 0.200083 0   0  5.2586  -0.000187272 0.199905 0.000631761   10.0001  0.115963 -17
28  0 0.200038 0   0  0.484561  -0.00037396 0.200306 0.000424731   10  0.0241274 -17
29  0 0.200015 0   0  3.61206  -0.000679435 0.200392 0.000156732   10  0.0751559 -17
30  0 0.200029 0   0  6.07325  8.06779e-05 0.20091 -4.48982e-05   10  0.00784098 -17
31  0 0.200062 0   0  3.20342  -0.000659955 0.200307 0.000755394   10.0002  0.050873 -17
32  0 0.200028 0   0  6.07018  -6.8232e-05 0.201162 -0.000201734   10.0001  0.0093779 -17
33  0 0.200014 0   0  5.10634  -0.000475842 0.200381 -0.000314385   10  0.0585097 -17
34  0 0.200074 0   0  1.35561  0.000262443 0.200849 0.000480631   10.0002  0.0679687 -17
35  0 0.20008 0   0  2.18092  -6.99603e-06 0.200246 2.69108e-05   10  0.0112759 -17
36  0 0.200016 0   0  2.03583  -0.00106098 0.200674 -0.000412827   10.0001  0.0272495 -17
37  0 0.200081 0   0  7.66579  -0.000119843 0.200193 0.000395742   10.0001  0.0302721 -17
38  0 0.200025 0   0  3.66801  -0.000420252 0.201048 -0.000132711   10.0001  0.0757038 -17
39  0 0.200068 0   0  0.123466  -0.000929642 0.200827 0.000372982   10  0.0301971 -17
40  0 0.200082 0   0  4.38381  -0.000684539 0.199897 -0.000436768   10.0001  0.016451 -17
41  0 0.200017 0   0  0.415541  -0.000809674 0.200786 -0.000193492   10  0.0540254 -17
42  0 0.200051 0   0  1.58844  -0.000135386 0.200783 0.000447904   10.0001  0.0484538 -17
43  0 0.200093 0   0  0.904174  -0.000750703 0.20099 -1.98658e-06   10.0001  0.0716223 -17
44  0 0.200061 0   0  2.07547  6.3173e-05 0.200909 0.000374178   10  0.0668576 -17
45  0 0.200001 0   0  5.11688  0.000158264 0.200828 -3.55423e-05   10  0.0795945 -17
46  0 0.200059 0   0  3.82172  -0.000453045 0.200367 -0.000156975   10  0.102998 -17
47  0 0.200037 0   0  4.16228  -0.00020648 0.200591 0.0006186   10.0001  0.0739535 -17
48  0 0.200024 0   0  1.92756  0.000178813 0.200662 2.28382e-05   10  0.0620415 -17
49  0 0.200089 0   0  2.58966  -0.00015703 0.200261 0.00053122   10.0001  0.0292007 -17
50  0 0.20005 0   0  2.31279  -8.87057e-05 0.200078 1.35855e-06   9.50081  0.159928 -8
51  0 0.200009 0   0  6.15129  -0.00083619 0.200096 -0.000187535   10  0.0484329 -17
52  0 0.200094 0   0  2.67872  0.000191175 0.201991 -4.71682e-05   10  0.0910403 -17
53  0 0.200006 0   0  1.82988  -0.000430371 0.200773 -0.000461989   10  0.0690764 -17
54  0 0.20006 0   0  7.30999  -0.000923128 0.200702 -0.000603034   10  0.0217428 -17
55  0 0.200039 0   0  2.38347  -0.000230381 0.200427 -0.000246829   10  0.043693 -17
56  0 0.200053 0   0  0.334862  4.55408e-05 0.200129 0.000206758   10  0.0411596 -17
57  0 0.200031 0   0  0.770723  -8.92682e-05 0.200813 -2.6009e-05   10  0.0545674 -17
58  0 0.200086 0   0  6.32814  0.000607255 0.200203 0.000173665   10.0001  0.0649405 -17
59  0 0.200007 0   0  5.18421  -1.5442e-05 0.200064 0.000223177   10.0002  0.00778721 -17
60  0 0.200067 0   0  7.5095  -0.000515077 0.201071 -0.000644134   10  0.0356056 -17
61  0 0.200057 0   0  2.44452  -0.000299572 0.200568 -0.000653928   10.0001  0.0671211 -17
62  0 0.20007 0   0  2.64665  -1.37936e-05 0.200229 -8.42215e-07   10.0002  0.0329124 -17
63  0 0.200005 0   0  4.80352  -0.000181768 0.199863 -0.000636978   10.0002  0.0707541 -17
64  0 0.200046 0   0  3.15686  -0.000272802 0.200818 6.96035e-05   10.0002  0.0354015 -17
65  0 0.200013 0   0  1.76678  0.000257756 0.200936 -7.85913e-05   10  0.00742124 -17
66  0 0.200047 0   0  4.06355  -1.6776e-06 0.200594 -0.000353062   10  0.0538944 -17
67  0 0.200035 0   0  4.83684  0.000168088 0.200765 -0.000224495   10  0.0676834 -17
68  0 0.200073 0   0  7.83637  -0.000110085 0.200919 0.000330473   10.0001  0.0812148 -17
69  0 0.200023 0   0  4.92694  -0.000280115 0.200795 2.31487e-06   10.0001  0.0743194 -17
70  0 0.200011 0   0  0.229386  -0.000226242 0.200083 -0.000275842   10  0.0219278 -17
71  0 0.200097 0   0  3.67023  -0.000162005 0.200131 0.000232613   10  0.0251594 -17
72  0 0.200085 0   0  2.22842  -0.000147516 0.200766 -0.000209397   10  0.028726 -17
73  0 0.200058 0   0  7.05562  -0.000662812 0.199885 0.000176542   10  0.0828754 -17
74  0 0.200022 0   0  6.9218  0.000672823 0.200466 -0.000665869   10  0.0196226 -17
75  0 0.200012 0   0  6.9328  0.000649094 0.201148 0.000298661   10  0.0297072 -17
76  0 0.200084 0   0  3.11203  -0.000213943 0.200311 -0.00118777   10.0001  0.0303528 -17
77  0 0.200002 0   0  6.22791  0.000540893 0.199945 -9.12692e-05   10  0.106694 -17
78  0 0.200092 0   0  6.13809  -0.000775841 0.200538 -0.000358425   10.0001  0.0875687 -17
79  0 0.200019 0   0  3.14718  -0.000780717 0.199991 -0.000251201   10  0.0791979 -17
80  0 0.200055 0   0  6.27835  0.000137409 0.200092 0.00124178   10.0002  0.0744891 -17
81  0 0.200049 0   0  3.53654  8.24092e-05 0.200232 -0.000182688   10.0001  0.0337427 -17
82  0 0.200091 0   0  4.47022  9.42707e-05 0.200156 0.000295073   10  0.0323086 -17
83  0 0.200077 0   0  6.4589  0.000184711 0.200123 4.52079e-05   10.0002  0.0808881 -17
84  0 0.200036 0   0  0.740953  -0.000365717 0.200043 -6.25754e-06   10  0.114759 -17
85  0 0.200034 0   0  6.1185  -0.000773206 0.200534 8.3944e-05   10  0.0369764 -17
86  0 0.200069 0   0  4.29795  0.000414351 0.199946 -9.51451e-05   10.0001  0.0472079 -17
87  0 0.200043 0   0  1.84524  -0.000468969 0.199888 -0.000639509   10  0.0683604 -17
88  0 0.200099 0   0  3.70693  -0.00131436 0.202616 -0.000287627   10.0001  0.732401 -17
89  0 0.200044 0   0  2.81504  0.000319464 0.200283 -0.000693466   10  0.016493 -17
90  0 0.200063 0   0  7.72615  -0.000412579 0.20074 0.000718142   10  0.0217195 -17
91  0 0.200003 0   0  4.0008  -5.03352e-05 0.200534 0.000421878   10  0.101638 -17
92  0 0.200066 0   0  7.38302  0.000302722 0.200113 -0.000415538   10  0.0649525 -17
93  0 0.200052 0   0  6.4903  0.000452597 0.200069 -0.000119746   10  0.0444244 -17
94  0 0.200079 0   0  6.6787  0.000405868 0.201404 0.000916256   10.0001  0.0879504 -17
95  0 0.20004 0   0  6.55659  -0.000114579 0.201105 0.000721813   10  0.0358105 -17
96  0 0.200045 0   0  5.54883  0.000449287 0.200272 -0.00014158   10.0001  0.117386 -17
97  0 0.200026 0   0  7.41188  -0.000223456 0.199653 -0.00026632   10.0001  0.00570033 -17
98  0 0.200087 0   0  7.85211  -0.000615714 0.20016 0.000590608   10.0001  0.0811751 -17
99  0 0.200075 0   0  2.09125  -0.000436793 0.2002 -0.000155317   10  2.61804 -17
