0  0.0004 0.2 0   0  0.0384843  0.000396752 0.200003 -3.82527e-06   0  0.0636718 -8
1  0.0093 0.2 0   0  0.948807  0.0141052 0.199254 -0.00213621   10.0003  0.444493 -17
2  0.008 0.2 0   0  0.956416  0.00984136 0.199384 0.00187967   10.0002  0.371968 -17
3  0.0089 0.2 0   0  0.721231  0.0135417 0.200432 0.00132668   10.0002  0.705866 -17
4  0.0018 0.2 0   0  0.505617  0.00406911 0.20224 -0.00195512   10.0002  1.02227 -17
5  0.0098 0.2 0   0  0.677031  0.0137854 0.200655 -0.00350099   10.0003  0.621447 -17
6  0.007 0.2 0   0  0.700593  0.00684092 0.202392 0.00266252   10.0004  1.07225 -17
7  0.0046 0.2 0   0  0.580767  0.00482306 0.201197 0.000173305   10.0012  0.682654 -17
8  0.0021 0.2 0   0  1.19285  0.0035144 0.202083 0.00208925   10.0001  1.29271 -17
9  0.0002 0.2 0   0  1.67669  0.00332582 0.200664 -0.00100658   10.0001  1.2171 -17
10  0.0073 0.2 0   0  0.461293  0.00652815 0.203372 0.00261049   10  1.21001 -17
11  0.0072 0.2 0   0  0.416127  0.00816282 0.200524 -0.0023813   10.0004  0.422355 -17
12  0.0044 0.2 0   0  1.30799  0.00403555 0.198648 0.000895177   10.0002  0.494906 -17
13  0.002 0.2 0   0  1.7209  0.000276219 0.200216 -0.00329038   10.0001  1.4352 -17
14  0.0041 0.2 0   0  1.22734  0.00260833 0.198823 0.00048816   10.0005  0.573669 -17
15  0.0014 0.2 0   0  1.19481  0.000850171 0.198077 0.000266854   10.0002  0.223697 -17
16  0.0006 0.2 0   0  0.240545  0.00121346 0.200813 -0.000910939   10.0013  0.382112 -17
17  0.0064 0.2 0   0  0.780913  0.00681243 0.201522 0.00158438   10.0021  0.748107 -17
18  0.0015 0.2 0   0  1.92324  0.00336877 0.197426 -0.000754664   10.0015  0.610853 -17
19  0.0074 0.2 0   0  0.0133865  0.00637497 0.200763 -0.000823307   10.0003  0.252763 -17
20  0.0031 0.2 0   0  2.28656  0.0023465 0.199098 0.0027917   10.0002  0.664888 -17
21  0.0096 0.2 0   0  1.01185  0.00763909 0.202812 -0.000268911   10.0002  1.05219 -17
22  0.0056 0.2 0   0  0.326487  0.00387549 0.202328 -0.00173209   10.0013  0.943667 -17
23  0.0042 0.2 0   0  2.25383  0.00408589 0.199811 -0.00409749   10.0001  0.776324 -17
24  0.005 0.2 0   0  3.28704  0.00505597 0.198084 0.00248639   10.0001  0.746985 -17
25  0.0057 0.2 0   0  2.83887  0.00835368 0.198973 0.00121015   10.0002  0.939515 -17
26  0.0094 0.2 0   0  2.83863  0.00954534 0.198357 -0.00302489   10.0003  0.926036 -17
27  0.0078 0.2 0   0  3.45075  0.00523792 0.199823 -0.00338406   10.0001  1.14299 -17
28  0.0069 0.2 0   0  0.155635  0.00731991 0.200456 0.00155176   10  0.296326 -17
29  0.003 0.2 0   0  3.20454  0.00775677 0.19977 0.00412446   10.0008  0.929512 -17
30  0.0035 0.2 0   0  2.50294  0.00145605 0.198766 -0.00289058   10.0001  0.791843 -17
31  0.0084 0.2 0   0  0.235753  0.00870114 0.199855 -0.00031916   10.0001  0.18951 -17
32  0.0016 0.2 0   0  2.81974  0.000448818 0.199585 -0.00342037   10.0001  0.920293 -17
33  0.0043 0.2 0   0  2.65764  0.00489423 0.198325 -0.00243475   10.0003  0.88946 -17
34  0.0034 0.2 0   0  3.42972  0.00278914 0.197881 0.00129967   10.0001  0.544216 -17
35  0.0027 0.2 0   0  5.02838  0.00516205 0.197895 -0.00247817   10  1.17517 -17
36  0.0047 0.2 0   0  5.1293  0.00415109 0.197868 0.00460405   10.0002  0.827268 -17
37  0.0008 0.2 0   0  2.05924  -0.000891811 0.20094 0.00247892   10.0002  1.42657 -17
38  0.0076 0.2 0   0  3.31754  0.0136196 0.198032 -0.00257689   10.0001  0.929667 -17
39  0.0048 0.2 0   0  3.2546  0.00398347 0.199703 -0.00253031   10.0003  1.07995 -17
40  0.0082 0.2 0   0  3.36155  0.0100962 0.202609 0.00358679   10.0001  1.67088 -17
41  0.0023 0.2 0   0  0.191522  0.00156459 0.200629 -0.00112594   10.0001  0.103125 -17
42  0.0026 0.2 0   0  2.82488  0.0061246 0.199583 0.000251289   10.0002  1.31248 -17
43  0.0029 0.2 0   0  3.96758  0.00213446 0.200148 -7.80648e-05   10.0005  1.29483 -17
44  0.0099 0.2 0   0  4.53667  0.00689517 0.202273 0.00603403   10.0004  1.15932 -17
45  0.0083 0.2 0   0  3.23974  0.0145528 0.196244 -0.0016885   10.0003  0.356926 -17
46  0.0063 0.2 0   0  3.08318  0.00737039 0.200832 0.000434089   10  0.74271 -17
47  0.0054 0.2 0   0  3.7978  0.00408479 0.200299 0.00649411   10  0.851024 -17
48  0.0007 0.2 0   0  4.69048  0.000579478 0.197847 0.00170199   10.0001  0.61984 -17
49  0.0085 0.2 0   0  5.14996  0.00568472 0.199675 1.24198e-05   10.0001  1.30367 -17
50  0.0013 0.2 0   0  4.08846  0.000475414 0.19901 0.000784789   10.0006  1.13978 -17
51  0.0065 0.2 0   0  3.34622  0.00819708 0.200923 0.00195208   10  1.44919 -17
52  0.0032 0.2 0   0  3.88274  0.00505569 0.200005 0.00113182   10.0001  1.50402 -17
53  0.0092 0.2 0   0  3.11944  0.00956929 0.199749 -0.000261595   10.0001  1.15337 -17
54  0.0068 0.2 0   0  7.00915  0.00880534 0.200233 -0.000700992   10  1.66471 -17
55  0.0086 0.2 0   0  4.22251  0.0101715 0.198801 -0.000745086   10.0003  0.964207 -17
56  0.0075 0.2 0   0  5.24461  0.00486502 0.197627 -0.00203912   10.0004  0.716484 -17
57  0.0071 0.2 0   0  5.93661  0.0062104 0.195847 0.00033402   10  0.147761 -17
58  0.0066 0.2 0   0  4.9166  0.00750709 0.200943 -0.00243388   10.0001  1.27251 -17
59  0.0037 0.2 0   0  4.35567  0.00147064 0.200208 -0.00272288   10.0003  1.00081 -17
60  0.0087 0.2 0   0  4.52887  0.0076498 0.200779 -0.00274548   10.0002  1.4561 -17
61  0.0011 0.2 0   0  6.66423  9.13678e-05 0.198915 -0.00291807   10.0004  1.2316 -17
62  0.0001 0.2 0   0  4.09216  0.00196303 0.202089 -0.00136207   10  1.55953 -17
63  0.0036 0.2 0   0  5.376  -0.000588741 0.197918 0.00111243   10.0001  0.714714 -17
64  0.0012 0.2 0   0  5.80289  0.000525653 0.198693 0.00240311   10.0004  0.800441 -17
65  0.0039 0.2 0   0  7.1261  0.00586339 0.20032 0.00209432   10.0003  1.39271 -17
66  0.0028 0.2 0   0  4.35849  0.00447073 0.202224 -0.000149557   10  1.56669 -17
67  0.009 0.2 0   0  4.71978  0.00674905 0.200037 -0.002349   10.0001  1.03315 -17
68  0.0077 0.2 0   0  4.79569  0.00960475 0.200781 -0.0019436   10.0001  1.67811 -17
69  0.0081 0.2 0   0  4.70296  0.00735598 0.197573 -0.00115285   10.0001  1.03683 -17
70  0.0091 0.2 0   0  3.70429  0.00789758 0.198916 0.000821889   10.0003  1.19935 -17
71  0.0088 0.2 0   0  5.95264  0.00542522 0.200633 -0.000706822   10  1.35166 -17
72  0.0097 0.2 0   0  7.19658  0.00450186 0.200691 -0.00205746   10.0005  1.01971 -17
73  0.0022 0.2 0   0  4.61338  0.00466855 0.201933 0.00169292   10  1.13941 -17
74  0.0053 0.2 0   0  5.80136  0.00280026 0.198348 -0.00392806   10.0001  1.32741 -17
75  0.0079 0.2 0   0  6.16002  0.00718967 0.199652 0.00283359   10.0005  1.21542 -17
76  0.0051 0.2 0   0  6.74278  0.00216536 0.2001 0.000622425   10.0001  1.36019 -17
77  0.0049 0.2 0   0  5.98349  0.00500414 0.200477 0.00229311   10  1.48289 -17
78  0.0045 0.2 0   0  6.74552  0.0072711 0.195131 0.00137429   10.0002  0.569219 -17
79  0.0052 0.2 0   0  7.06147  0.00814049 0.199002 -0.000169824   10.0005  0.9397 -17
80  0.0017 0.2 0   0  6.98865  0.00106258 0.198993 0.00349535   10  1.41402 -17
81  0 0.2 0   0  6.75694  -0.00186744 0.199007 -0.00136669   10  0.785687 -17
82  0.001 0.2 0   0  6.23098  0.00114779 0.201618 0.00155411   10  1.49377 -17
83  0.0033 0.2 0   0  6.87757  -0.000891097 0.197864 -0.000271738   10.0003  0.760713 -17
84  0.006 0.2 0   0  7.38403  0.00756156 0.198273 -0.000250442   10.0002  0.79942 -17
85  0.0024 0.2 0   0  6.18511  4.3228e-05 0.199842 -0.00223977   10.0006  1.14782 -17
86  0.0055 0.2 0   0  7.1907  0.00828729 0.201257 2.23564e-06   10.0001  1.25391 -17
87  0.0058 0.2 0   0  7.9348  0.00935628 0.19802 -0.000372985   10.0009  0.765422 -17
88  0.004 0.2 0   0  5.62011  0.00497703 0.200464 0.00274215   10.0002  1.19942 -17
89  0.0003 0.2 0   0  6.26183  -0.00205738 0.203005 0.000178099   10  1.28938 -17
90  0.0059 0.2 0   0  7.87756  0.00972981 0.197867 -0.00154358   10  0.930404 -17
91  0.0038 0.2 0   0  7.05536  0.00534275 0.203645 -0.000815683   10  1.48989 -17
92  0.0025 0.2 0   0  7.45807  -0.00122586 0.202568 -0.0021541   10.0001  1.48158 -17
93  0.0061 0.2 0   0  7.72034  0.00469197 0.201333 -0.000932951   10  1.49445 -17
94  0.0019 0.2 0   0  5.96624  0.00283941 0.202174 0.00230262   10.0001  1.27706 -17
95  0.0009 0.2 0   0  7.61631  -0.00112545 0.202204 -0.00233678   10.0001  1.65352 -17
96  0.0067 0.2 0   0  5.81585  0.00598859 0.200612 -0.000589939   10.0003  1.17148 -17
97  0.0005 0.2 0   0  7.42408  -0.000800548 0.201912 0.00253346   10.0001  1.47169 -17
98  0.0062 0.2 0   0  5.83963  0.00399103 0.200702 0.00158554   10.0003  1.4117 -17
99  0.0095 0.2 0   0  7.27887  0.010001 0.201556 1.39095e-05   10  2.31038 -17
