0  9.4e-05 0.2 0   0  0.0593528  9.44515e-05 0.200003 -2.1734e-06   0  0.161541 -8
1  9.7e-05 0.2 0   0  0.60815  6.77951e-05 0.200004 1.31996e-07   0  0.614344 -8
2  3.3e-05 0.2 0   0  0.288777  2.50422e-05 0.199996 -1.01956e-06   0  0.296331 -8
3  5.6e-05 0.2 0   0  6.49077  5.73084e-05 0.199998 5.43086e-06   0.000112042  0.133254 -8
4  8.4e-05 0.2 0   0  6.77916  8.81322e-05 0.200007 1.62413e-05   0.0337886  0.134759 -8
5  4e-06 0.2 0   0  5.98378  -1.81646e-05 0.20005 -1.18058e-06   0.275678  0.217173 -8
6  0 0.2 0   0  7.63427  3.13853e-06 0.200009 7.108e-06   0.257559  0.313214 -8
7  6.8e-05 0.2 0   0  4.28863  2.46609e-05 0.20005 -2.63768e-05   1.00151  0.160595 -8
8  4.5e-05 0.2 0   0  4.04517  6.06817e-05 0.200045 -1.42344e-05   1.20629  0.225204 -8
9  2.6e-05 0.2 0   0  7.61598  1.99165e-05 0.200027 -1.93424e-05   2.61218  0.239064 -8
10  6.9e-05 0.2 0   0  0.467729  6.29766e-05 0.200021 -6.05345e-06   6.90386  0.109387 -8
11  6e-06 0.2 0   0  1.03146  -1.51109e-05 0.200024 -1.7958e-05   7.48034  0.0645408 -8
12  8e-05 0.2 0   0  5.04168  0.000579133 0.199896 0.00077158   10.0004  0.0100728 -17
13  7.3e-05 0.2 0   0  3.22503  0.000102771 0.20066 0.000202732   10.0001  0.0271589 -17
14  8.5e-05 0.2 0   0  2.62973  -0.000129993 0.201145 -0.000416388   10  0.139323 -17
15  7.2e-05 0.2 0   0  1.2039  0.000345758 0.201223 -0.000211438   10  0.032634 -17
16  6.7e-05 0.2 0   0  3.37816  -6.01933e-05 0.201184 -0.000555315   10.0001  0.0392352 -17
17  7.8e-05 0.2 0   0  5.18683  0.000641008 0.201081 -0.000255077   10.0001  0.0970858 -17
18  1.1e-05 0.2 0   0  5.26361  0.000187862 0.200332 9.1991e-05   10  0.022556 -17
19  1.3e-05 0.2 0   0  3.8427  -0.000230479 0.19976 -0.000111673   10.0001  0.0706187 -17
20  7e-05 0.2 0   0  3.32016  0.000150707 0.200629 0.000334596   10  0.00615543 -17
21  4.3e-05 0.2 0   0  5.17401  0.00119999 0.199726 0.00033086   10  0.00229784 -17
22  5.9e-05 0.2 0   0  1.92873  -0.000105752 0.201206 2.4975e-05   10  0.142665 -17
23  5.3e-05 0.2 0   0  2.49133  0.000630689 0.199962 2.96036e-05   10.0002  0.159959 -17
24  8.6e-05 0.2 0   0  4.38821  0.000333855 0.199698 0.00015284   10.0001  0.0336013 -17
25  1.2e-05 0.2 0   0  3.50035  0.000473201 0.200828 -0.001486   10.0001  0.0322237 -17
26  2.4e-05 0.2 0   0  0.705494  -0.000202352 0.201176 0.000550727   10  0.00947215 -17
27  7.9e-05 0.2 0   0  3.94631  6.74549e-07 0.200597 0.000820285   10.0001  0.068416 -17
28  5.1e-05 0.2 0   0  2.17361  -0.000489329 0.199783 0.000352184   10  0.029762 -17
29  8.3e-05 0.2 0   0  7.00536  0.000864104 0.200879 8.8192e-05   10.0002  0.0365014 -17
30  7.7e-05 0.2 0   0  0.160751  0.000392912 0.200191 -0.000296886   10  0.10065 -17
31  4.8e-05 0.2 0   0  4.42724  -0.000296281 0.200509 -0.000489953   10.0001  0.042952 -17
32  3.9e-05 0.2 0   0  6.91561  0.000112998 0.200929 -0.00113493   10  0.117045 -17
33  1.4e-05 0.2 0   0  3.94813  -0.000348245 0.200999 -0.000339956   10  0.047726 -17
34  7.4e-05 0.2 0   0  6.0056  -0.000620033 0.201094 -0.000164444   10  0.0307429 -17
35  6.4e-05 0.2 0   0  4.48508  4.0577e-05 0.200319 0.000191773   10.0001  0.0793048 -17
36  9.8e-05 0.2 0   0  2.08007  0.000176098 0.200003 5.95907e-05   9.91772  0.234005 -8
37  2.1e-05 0.2 0   0  7.88401  0.00026648 0.200962 -0.000343489   10.0001  0.0664983 -17
38  4.6e-05 0.2 0   0  4.96699  9.98426e-05 0.20021 -0.000120014   10.0001  0.0154556 -17
39  3.7e-05 0.2 0   0  1.17791  -0.00011752 0.200229 -0.000543492   10  0.0425293 -17
40  2.3e-05 0.2 0   0  0.651007  0.000495754 0.200217 -0.00101586   10  0.0647208 -17
41  7.1e-05 0.2 0   0  4.81195  -0.000108073 0.199956 0.000252243   10.0001  0.0269406 -17
42  2e-05 0.2 0   0  1.15178  6.32529e-05 0.199939 0.000180524   10.0001  0.0898192 -17
43  4.7e-05 0.2 0   0  5.87862  0.000826318 0.20157 0.000565921   10.0001  0.0334771 -17
44  4.4e-05 0.2 0   0  3.16934  -1.51212e-06 0.20024 -0.0001174   10.0001  0.00389649 -17
45  5e-05 0.2 0   0  5.87149  0.00028119 0.201243 -0.000216682   10.0001  0.0236541 -17
46  4.9e-05 0.2 0   0  3.86487  -3.80845e-05 0.19995 0.000265338   10.0001  0.0418137 -17
47  3e-05 0.2 0   0  2.88187  0.000273981 0.200787 -0.000740901   10.0002  0.0441242 -17
48  5.7e-05 0.2 0   0  2.94987  0.000114958 0.200775 0.000139668   10.0002  0.0181185 -17
49  8.9e-05 0.2 0   0  2.90955  -0.000241661 0.199173 0.000244584   10.0001  0.0584167 -17
50  6.5e-05 0.2 0   0  1.84043  -0.000534881 0.200463 -0.000894494   10.0001  0.0650831 -17
51  8e-06 0.2 0   0  4.50471  -0.000409781 0.199996 -0.000472891   10  0.0105894 -17
52  7.5e-05 0.2 0   0  4.76514  5.3459e-05 0.201423 -0.000344901   10  0.0752528 -17
53  1e-05 0.2 0   0  7.27491  -0.000556702 0.200772 -0.000207409   10.0001  0.030301 -17
54  1e-06 0.2 0   0  4.50843  0.00017649 0.200082 8.6293e-05   10  0.0290191 -17
55  3.6e-05 0.2 0   0  4.44334  0.00045016 0.200578 0.000137122   10  0.022261 -17
56  1.7e-05 0.2 0   0  3.23634  0.000363779 0.200642 0.000261456   10.0002  0.00786558 -17
57  3.1e-05 0.2 0   0  4.21989  0.000755353 0.199899 0.000248371   10.0002  0.0366636 -17
58  5.8e-05 0.2 0   0  7.1196  0.00105929 0.201359 -0.00112988   10.0001  0.0161883 -17
59  5.2e-05 0.2 0   0  5.93167  -0.000173811 0.199657 -0.000756597   10.0001  0.123905 -17
60  6.1e-05 0.2 0   0  6.34507  -0.000115227 0.201232 0.000485768   10  0.070787 -17
61  1.9e-05 0.2 0   0  1.83495  -0.000430003 0.200863 0.000113532   10.0001  0.0508097 -17
62  6.3e-05 0.2 0   0  1.47849  0.000667908 0.201162 -0.000335268   10.0001  0.026486 -17
63  8.7e-05 0.2 0   0  1.49087  0.000394592 0.200292 0.000161576   10  0.0900341 -17
64  9.6e-05 0.2 0   0  3.99572  0.000537276 0.200352 1.59633e-05   10  0.122146 -17
65  5.5e-05 0.2 0   0  5.19345  -0.00122536 0.200988 8.27106e-05   10  0.043373 -17
66  9.3e-05 0.2 0   0  6.30725  0.000276695 0.200462 -0.000107417   10.0001  0.01936 -17
67  2.2e-05 0.2 0   0  6.48501  -0.000263482 0.199658 0.000550938   10  0.0403788 -17
68  2.7e-05 0.2 0   0  5.42468  -0.000414066 0.200734 0.000151645   10.0001  0.00453343 -17
69  5e-06 0.2 0   0  7.12088  -0.000604673 0.20106 -0.000423176   10  0.0634538 -17
70  7.6e-05 0.2 0   0  2.558  0.000197395 0.200153 0.000306742   10  0.0871334 -17
71  3.4e-05 0.2 0   0  2.12288  -0.000243629 0.200778 -0.000487397   10.0001  0.0622303 -17
72  8.8e-05 0.2 0   0  5.12514  -0.000733472 0.200182 5.86567e-05   10  0.0664936 -17
73  2e-06 0.2 0   0  5.84947  -9.91148e-05 0.201037 -0.000854667   10.0002  0.0561257 -17
74  5.4e-05 0.2 0   0  5.39048  0.000494371 0.200018 0.000174137   10.0001  0.00405464 -17
75  2.5e-05 0.2 0   0  6.46346  -0.000204548 0.200686 0.000535191   10  0.107082 -17
76  3.2e-05 0.2 0   0  3.57553  0.000247657 0.199944 -0.000273738   10.0001  0.0827522 -17
77  1.6e-05 0.2 0   0  2.61834  0.000111093 0.201023 -0.000164333   10  0.0381639 -17
78  2.9e-05 0.2 0   0  7.81398  -0.000725843 0.199368 0.000574883   10.0001  0.0709575 -17
79  4.1e-05 0.2 0   0  1.43983  -0.000772847 0.200062 -0.000127709   10  0.0110335 -17
80  6e-05 0.2 0   0  3.60287  0.000131656 0.199924 -0.000136501   10  0.0278329 -17
81  9.1e-05 0.2 0   0  2.22802  0.000218855 0.200182 -0.000563958   10  0.0919426 -17
82  4e-05 0.2 0   0  5.55778  -0.000318322 0.200526 0.000373161   10  0.0385317 -17
83  2.8e-05 0.2 0   0  6.92811  -0.000134457 0.201012 6.80113e-05   10  0.03259 -17
84  1.5e-05 0.2 0   0  3.65076  0.000897726 0.200526 -0.000312812   10.0001  0.0271786 -17
85  3e-06 0.2 0   0  3.36753  -0.000778651 0.200655 5.528e-05   10.0001  0.048135 -17
86  9.2e-05 0.2 0   0  4.43311  0.00060388 0.200323 0.00076624   10  0.0803726 -17
87  3.5e-05 0.2 0   0  4.54828  -0.000193637 0.199764 -6.80401e-05   10  0.0329381 -17
88  9.5e-05 0.2 0   0  7.52902  0.000353381 0.201015 -0.000306458   10  0.00521478 -17
89  9e-05 0.2 0   0  5.0931  -0.000895488 0.200542 5.42562e-05   10.0001  0.0437122 -17
90  6.2e-05 0.2 0   0  6.3943  6.61662e-05 0.199526 6.12139e-05   10.0001  0.0771476 -17
91  3.8e-05 0.2 0   0  5.20027  -4.44234e-05 0.200061 -0.00079248   10  0.0481906 -17
92  1.8e-05 0.2 0   0  5.94363  -0.000294477 0.199996 0.000583308   10  0.0344781 -17
93  7e-06 0.2 0   0  5.83234  -6.43381e-05 0.199759 0.000255324   10.0001  0.0642595 -17
94  8.2e-05 0.2 0   0  5.26713  0.000169686 0.200464 0.000126477   10  0.020632 -17
95  8.1e-05 0.2 0   0  5.3143  0.00056077 0.199502 0.000281696   10  0.040833 -17
96  6.6e-05 0.2 0   0  6.68378  0.000363682 0.199905 -0.000449136   10.0003  0.0634628 -17
97  9e-06 0.2 0   0  6.13009  -0.00029443 0.199602 -0.000315773   10  0.0103401 -17
98  4.2e-05 0.2 0   0  5.76114  -4.21409e-05 0.201032 -0.000638884   10  0.0886591 -17
99  9.9e-05 0.2 0   0  4.77156  -0.00110859 0.200282 0.000450466   10  3.17525 -17
